1 0
-2 0
-3 0
-4 0
-5 0
-6 0
-7 0
-8 0
-9 0
-10 0
-11 0
-12 0
-13 0
-14 0
-15 0
-16 0
-17 0
-18 0
-19 0
-20 0
-21 0
-22 0
-23 0
-24 0
-25 0
-26 0
-27 0
-28 0
-29 0
-30 0
-31 0
-32 0
-33 0
-34 0
-35 0
-36 0
-37 0
-38 0
-39 0
-40 0
-41 0
-42 0
-43 0
-44 0
-45 0
-46 0
-47 0
-48 0
-49 0
50 0
426 0
-427 0
-428 0
-429 0
-430 0
-431 0
-432 0
-433 0
-434 0
-435 0
-436 0
-437 0
-438 0
-439 0
-440 0
-441 0
-442 0
-443 0
-444 0
-445 0
-446 0
-447 0
-448 0
-449 0
-450 0
-401 0
-402 0
-403 0
-404 0
-405 0
-406 0
-407 0
-408 0
-409 0
-410 0
-411 0
-412 0
-413 0
-414 0
-415 0
-416 0
-417 0
-418 0
-419 0
-420 0
-421 0
-422 0
-423 0
-424 0
425 0
-51 6 2  0
-52 7 3 1  0
-53 8 4 2  0
-54 9 5 3  0
-55 10 4  0
-56 11 7 1  0
-57 12 8 2 6  0
-58 13 9 3 7  0
-59 14 10 4 8  0
-60 15 5 9  0
-61 16 12 6  0
-62 17 13 7 11  0
-63 18 14 8 12  0
-64 19 15 9 13  0
-65 20 10 14  0
-66 21 17 11  0
-67 22 18 12 16  0
-68 23 19 13 17  0
-69 24 20 14 18  0
-70 25 15 19  0
-71 22 16  0
-72 23 17 21  0
-73 24 18 22  0
-74 25 19 23  0
-75 20 24  0
-76 31 27  0
-77 32 28 26  0
-78 33 29 27  0
-79 34 30 28  0
-80 35 29  0
-81 36 32 26  0
-82 37 33 27 31  0
-83 38 34 28 32  0
-84 39 35 29 33  0
-85 40 30 34  0
-86 41 37 31  0
-87 42 38 32 36  0
-88 43 39 33 37  0
-89 44 40 34 38  0
-90 45 35 39  0
-91 46 42 36  0
-92 47 43 37 41  0
-93 48 44 38 42  0
-94 49 45 39 43  0
-95 50 40 44  0
-96 47 41  0
-97 48 42 46  0
-98 49 43 47  0
-99 50 44 48  0
-100 45 49  0
-101 56 52  0
-102 57 53 51  0
-103 58 54 52  0
-104 59 55 53  0
-105 60 54  0
-106 61 57 51  0
-107 62 58 52 56  0
-108 63 59 53 57  0
-109 64 60 54 58  0
-110 65 55 59  0
-111 66 62 56  0
-112 67 63 57 61  0
-113 68 64 58 62  0
-114 69 65 59 63  0
-115 70 60 64  0
-116 71 67 61  0
-117 72 68 62 66  0
-118 73 69 63 67  0
-119 74 70 64 68  0
-120 75 65 69  0
-121 72 66  0
-122 73 67 71  0
-123 74 68 72  0
-124 75 69 73  0
-125 70 74  0
-126 81 77  0
-127 82 78 76  0
-128 83 79 77  0
-129 84 80 78  0
-130 85 79  0
-131 86 82 76  0
-132 87 83 77 81  0
-133 88 84 78 82  0
-134 89 85 79 83  0
-135 90 80 84  0
-136 91 87 81  0
-137 92 88 82 86  0
-138 93 89 83 87  0
-139 94 90 84 88  0
-140 95 85 89  0
-141 96 92 86  0
-142 97 93 87 91  0
-143 98 94 88 92  0
-144 99 95 89 93  0
-145 100 90 94  0
-146 97 91  0
-147 98 92 96  0
-148 99 93 97  0
-149 100 94 98  0
-150 95 99  0
-151 106 102  0
-152 107 103 101  0
-153 108 104 102  0
-154 109 105 103  0
-155 110 104  0
-156 111 107 101  0
-157 112 108 102 106  0
-158 113 109 103 107  0
-159 114 110 104 108  0
-160 115 105 109  0
-161 116 112 106  0
-162 117 113 107 111  0
-163 118 114 108 112  0
-164 119 115 109 113  0
-165 120 110 114  0
-166 121 117 111  0
-167 122 118 112 116  0
-168 123 119 113 117  0
-169 124 120 114 118  0
-170 125 115 119  0
-171 122 116  0
-172 123 117 121  0
-173 124 118 122  0
-174 125 119 123  0
-175 120 124  0
-176 131 127  0
-177 132 128 126  0
-178 133 129 127  0
-179 134 130 128  0
-180 135 129  0
-181 136 132 126  0
-182 137 133 127 131  0
-183 138 134 128 132  0
-184 139 135 129 133  0
-185 140 130 134  0
-186 141 137 131  0
-187 142 138 132 136  0
-188 143 139 133 137  0
-189 144 140 134 138  0
-190 145 135 139  0
-191 146 142 136  0
-192 147 143 137 141  0
-193 148 144 138 142  0
-194 149 145 139 143  0
-195 150 140 144  0
-196 147 141  0
-197 148 142 146  0
-198 149 143 147  0
-199 150 144 148  0
-200 145 149  0
-201 156 152  0
-202 157 153 151  0
-203 158 154 152  0
-204 159 155 153  0
-205 160 154  0
-206 161 157 151  0
-207 162 158 152 156  0
-208 163 159 153 157  0
-209 164 160 154 158  0
-210 165 155 159  0
-211 166 162 156  0
-212 167 163 157 161  0
-213 168 164 158 162  0
-214 169 165 159 163  0
-215 170 160 164  0
-216 171 167 161  0
-217 172 168 162 166  0
-218 173 169 163 167  0
-219 174 170 164 168  0
-220 175 165 169  0
-221 172 166  0
-222 173 167 171  0
-223 174 168 172  0
-224 175 169 173  0
-225 170 174  0
-226 181 177  0
-227 182 178 176  0
-228 183 179 177  0
-229 184 180 178  0
-230 185 179  0
-231 186 182 176  0
-232 187 183 177 181  0
-233 188 184 178 182  0
-234 189 185 179 183  0
-235 190 180 184  0
-236 191 187 181  0
-237 192 188 182 186  0
-238 193 189 183 187  0
-239 194 190 184 188  0
-240 195 185 189  0
-241 196 192 186  0
-242 197 193 187 191  0
-243 198 194 188 192  0
-244 199 195 189 193  0
-245 200 190 194  0
-246 197 191  0
-247 198 192 196  0
-248 199 193 197  0
-249 200 194 198  0
-250 195 199  0
-251 206 202  0
-252 207 203 201  0
-253 208 204 202  0
-254 209 205 203  0
-255 210 204  0
-256 211 207 201  0
-257 212 208 202 206  0
-258 213 209 203 207  0
-259 214 210 204 208  0
-260 215 205 209  0
-261 216 212 206  0
-262 217 213 207 211  0
-263 218 214 208 212  0
-264 219 215 209 213  0
-265 220 210 214  0
-266 221 217 211  0
-267 222 218 212 216  0
-268 223 219 213 217  0
-269 224 220 214 218  0
-270 225 215 219  0
-271 222 216  0
-272 223 217 221  0
-273 224 218 222  0
-274 225 219 223  0
-275 220 224  0
-276 231 227  0
-277 232 228 226  0
-278 233 229 227  0
-279 234 230 228  0
-280 235 229  0
-281 236 232 226  0
-282 237 233 227 231  0
-283 238 234 228 232  0
-284 239 235 229 233  0
-285 240 230 234  0
-286 241 237 231  0
-287 242 238 232 236  0
-288 243 239 233 237  0
-289 244 240 234 238  0
-290 245 235 239  0
-291 246 242 236  0
-292 247 243 237 241  0
-293 248 244 238 242  0
-294 249 245 239 243  0
-295 250 240 244  0
-296 247 241  0
-297 248 242 246  0
-298 249 243 247  0
-299 250 244 248  0
-300 245 249  0
-301 256 252  0
-302 257 253 251  0
-303 258 254 252  0
-304 259 255 253  0
-305 260 254  0
-306 261 257 251  0
-307 262 258 252 256  0
-308 263 259 253 257  0
-309 264 260 254 258  0
-310 265 255 259  0
-311 266 262 256  0
-312 267 263 257 261  0
-313 268 264 258 262  0
-314 269 265 259 263  0
-315 270 260 264  0
-316 271 267 261  0
-317 272 268 262 266  0
-318 273 269 263 267  0
-319 274 270 264 268  0
-320 275 265 269  0
-321 272 266  0
-322 273 267 271  0
-323 274 268 272  0
-324 275 269 273  0
-325 270 274  0
-326 281 277  0
-327 282 278 276  0
-328 283 279 277  0
-329 284 280 278  0
-330 285 279  0
-331 286 282 276  0
-332 287 283 277 281  0
-333 288 284 278 282  0
-334 289 285 279 283  0
-335 290 280 284  0
-336 291 287 281  0
-337 292 288 282 286  0
-338 293 289 283 287  0
-339 294 290 284 288  0
-340 295 285 289  0
-341 296 292 286  0
-342 297 293 287 291  0
-343 298 294 288 292  0
-344 299 295 289 293  0
-345 300 290 294  0
-346 297 291  0
-347 298 292 296  0
-348 299 293 297  0
-349 300 294 298  0
-350 295 299  0
-351 306 302  0
-352 307 303 301  0
-353 308 304 302  0
-354 309 305 303  0
-355 310 304  0
-356 311 307 301  0
-357 312 308 302 306  0
-358 313 309 303 307  0
-359 314 310 304 308  0
-360 315 305 309  0
-361 316 312 306  0
-362 317 313 307 311  0
-363 318 314 308 312  0
-364 319 315 309 313  0
-365 320 310 314  0
-366 321 317 311  0
-367 322 318 312 316  0
-368 323 319 313 317  0
-369 324 320 314 318  0
-370 325 315 319  0
-371 322 316  0
-372 323 317 321  0
-373 324 318 322  0
-374 325 319 323  0
-375 320 324  0
-376 331 327  0
-377 332 328 326  0
-378 333 329 327  0
-379 334 330 328  0
-380 335 329  0
-381 336 332 326  0
-382 337 333 327 331  0
-383 338 334 328 332  0
-384 339 335 329 333  0
-385 340 330 334  0
-386 341 337 331  0
-387 342 338 332 336  0
-388 343 339 333 337  0
-389 344 340 334 338  0
-390 345 335 339  0
-391 346 342 336  0
-392 347 343 337 341  0
-393 348 344 338 342  0
-394 349 345 339 343  0
-395 350 340 344  0
-396 347 341  0
-397 348 342 346  0
-398 349 343 347  0
-399 350 344 348  0
-400 345 349  0
-401 356 352  0
-402 357 353 351  0
-403 358 354 352  0
-404 359 355 353  0
-405 360 354  0
-406 361 357 351  0
-407 362 358 352 356  0
-408 363 359 353 357  0
-409 364 360 354 358  0
-410 365 355 359  0
-411 366 362 356  0
-412 367 363 357 361  0
-413 368 364 358 362  0
-414 369 365 359 363  0
-415 370 360 364  0
-416 371 367 361  0
-417 372 368 362 366  0
-418 373 369 363 367  0
-419 374 370 364 368  0
-420 375 365 369  0
-421 372 366  0
-422 373 367 371  0
-423 374 368 372  0
-424 375 369 373  0
-425 370 374  0
-426 381 377  0
-427 382 378 376  0
-428 383 379 377  0
-429 384 380 378  0
-430 385 379  0
-431 386 382 376  0
-432 387 383 377 381  0
-433 388 384 378 382  0
-434 389 385 379 383  0
-435 390 380 384  0
-436 391 387 381  0
-437 392 388 382 386  0
-438 393 389 383 387  0
-439 394 390 384 388  0
-440 395 385 389  0
-441 396 392 386  0
-442 397 393 387 391  0
-443 398 394 388 392  0
-444 399 395 389 393  0
-445 400 390 394  0
-446 397 391  0
-447 398 392 396  0
-448 399 393 397  0
-449 400 394 398  0
-450 395 399  0
-11 0
-16 0
-8 0
-18 0
-10 0
-15 0
-61 0
-66 0
-58 0
-68 0
-60 0
-65 0
-111 0
-116 0
-108 0
-118 0
-110 0
-115 0
-161 0
-166 0
-158 0
-168 0
-160 0
-165 0
-211 0
-216 0
-208 0
-218 0
-210 0
-215 0
-261 0
-266 0
-258 0
-268 0
-260 0
-265 0
-311 0
-316 0
-308 0
-318 0
-310 0
-315 0
-361 0
-366 0
-358 0
-368 0
-360 0
-365 0
-411 0
-416 0
-408 0
-418 0
-410 0
-415 0
-36 0
-41 0
-33 0
-43 0
-35 0
-40 0
-86 0
-91 0
-83 0
-93 0
-85 0
-90 0
-136 0
-141 0
-133 0
-143 0
-135 0
-140 0
-186 0
-191 0
-183 0
-193 0
-185 0
-190 0
-236 0
-241 0
-233 0
-243 0
-235 0
-240 0
-286 0
-291 0
-283 0
-293 0
-285 0
-290 0
-336 0
-341 0
-333 0
-343 0
-335 0
-340 0
-386 0
-391 0
-383 0
-393 0
-385 0
-390 0
-436 0
-441 0
-433 0
-443 0
-435 0
-440 0
-1 -26 0
-2 -27 0
-3 -28 0
-4 -29 0
-5 -30 0
-6 -31 0
-7 -32 0
-8 -33 0
-9 -34 0
-10 -35 0
-11 -36 0
-12 -37 0
-13 -38 0
-14 -39 0
-15 -40 0
-16 -41 0
-17 -42 0
-18 -43 0
-19 -44 0
-20 -45 0
-21 -46 0
-22 -47 0
-23 -48 0
-24 -49 0
-25 -50 0
-51 -76 0
-52 -77 0
-53 -78 0
-54 -79 0
-55 -80 0
-56 -81 0
-57 -82 0
-58 -83 0
-59 -84 0
-60 -85 0
-61 -86 0
-62 -87 0
-63 -88 0
-64 -89 0
-65 -90 0
-66 -91 0
-67 -92 0
-68 -93 0
-69 -94 0
-70 -95 0
-71 -96 0
-72 -97 0
-73 -98 0
-74 -99 0
-75 -100 0
-101 -126 0
-102 -127 0
-103 -128 0
-104 -129 0
-105 -130 0
-106 -131 0
-107 -132 0
-108 -133 0
-109 -134 0
-110 -135 0
-111 -136 0
-112 -137 0
-113 -138 0
-114 -139 0
-115 -140 0
-116 -141 0
-117 -142 0
-118 -143 0
-119 -144 0
-120 -145 0
-121 -146 0
-122 -147 0
-123 -148 0
-124 -149 0
-125 -150 0
-151 -176 0
-152 -177 0
-153 -178 0
-154 -179 0
-155 -180 0
-156 -181 0
-157 -182 0
-158 -183 0
-159 -184 0
-160 -185 0
-161 -186 0
-162 -187 0
-163 -188 0
-164 -189 0
-165 -190 0
-166 -191 0
-167 -192 0
-168 -193 0
-169 -194 0
-170 -195 0
-171 -196 0
-172 -197 0
-173 -198 0
-174 -199 0
-175 -200 0
-201 -226 0
-202 -227 0
-203 -228 0
-204 -229 0
-205 -230 0
-206 -231 0
-207 -232 0
-208 -233 0
-209 -234 0
-210 -235 0
-211 -236 0
-212 -237 0
-213 -238 0
-214 -239 0
-215 -240 0
-216 -241 0
-217 -242 0
-218 -243 0
-219 -244 0
-220 -245 0
-221 -246 0
-222 -247 0
-223 -248 0
-224 -249 0
-225 -250 0
-251 -276 0
-252 -277 0
-253 -278 0
-254 -279 0
-255 -280 0
-256 -281 0
-257 -282 0
-258 -283 0
-259 -284 0
-260 -285 0
-261 -286 0
-262 -287 0
-263 -288 0
-264 -289 0
-265 -290 0
-266 -291 0
-267 -292 0
-268 -293 0
-269 -294 0
-270 -295 0
-271 -296 0
-272 -297 0
-273 -298 0
-274 -299 0
-275 -300 0
-301 -326 0
-302 -327 0
-303 -328 0
-304 -329 0
-305 -330 0
-306 -331 0
-307 -332 0
-308 -333 0
-309 -334 0
-310 -335 0
-311 -336 0
-312 -337 0
-313 -338 0
-314 -339 0
-315 -340 0
-316 -341 0
-317 -342 0
-318 -343 0
-319 -344 0
-320 -345 0
-321 -346 0
-322 -347 0
-323 -348 0
-324 -349 0
-325 -350 0
-351 -376 0
-352 -377 0
-353 -378 0
-354 -379 0
-355 -380 0
-356 -381 0
-357 -382 0
-358 -383 0
-359 -384 0
-360 -385 0
-361 -386 0
-362 -387 0
-363 -388 0
-364 -389 0
-365 -390 0
-366 -391 0
-367 -392 0
-368 -393 0
-369 -394 0
-370 -395 0
-371 -396 0
-372 -397 0
-373 -398 0
-374 -399 0
-375 -400 0
-401 -426 0
-402 -427 0
-403 -428 0
-404 -429 0
-405 -430 0
-406 -431 0
-407 -432 0
-408 -433 0
-409 -434 0
-410 -435 0
-411 -436 0
-412 -437 0
-413 -438 0
-414 -439 0
-415 -440 0
-416 -441 0
-417 -442 0
-418 -443 0
-419 -444 0
-420 -445 0
-421 -446 0
-422 -447 0
-423 -448 0
-424 -449 0
-425 -450 0
-1 -31 -56 -76 0
-2 -32 -57 -77 0
-3 -33 -58 -78 0
-4 -34 -59 -79 0
-5 -35 -60 -80 0
-6 -36 -61 -81 0
-7 -37 -62 -82 0
-8 -38 -63 -83 0
-9 -39 -64 -84 0
-10 -40 -65 -85 0
-11 -41 -66 -86 0
-12 -42 -67 -87 0
-13 -43 -68 -88 0
-14 -44 -69 -89 0
-15 -45 -70 -90 0
-16 -46 -71 -91 0
-17 -47 -72 -92 0
-18 -48 -73 -93 0
-19 -49 -74 -94 0
-20 -50 -75 -95 0
-51 -81 -106 -126 0
-52 -82 -107 -127 0
-53 -83 -108 -128 0
-54 -84 -109 -129 0
-55 -85 -110 -130 0
-56 -86 -111 -131 0
-57 -87 -112 -132 0
-58 -88 -113 -133 0
-59 -89 -114 -134 0
-60 -90 -115 -135 0
-61 -91 -116 -136 0
-62 -92 -117 -137 0
-63 -93 -118 -138 0
-64 -94 -119 -139 0
-65 -95 -120 -140 0
-66 -96 -121 -141 0
-67 -97 -122 -142 0
-68 -98 -123 -143 0
-69 -99 -124 -144 0
-70 -100 -125 -145 0
-101 -131 -156 -176 0
-102 -132 -157 -177 0
-103 -133 -158 -178 0
-104 -134 -159 -179 0
-105 -135 -160 -180 0
-106 -136 -161 -181 0
-107 -137 -162 -182 0
-108 -138 -163 -183 0
-109 -139 -164 -184 0
-110 -140 -165 -185 0
-111 -141 -166 -186 0
-112 -142 -167 -187 0
-113 -143 -168 -188 0
-114 -144 -169 -189 0
-115 -145 -170 -190 0
-116 -146 -171 -191 0
-117 -147 -172 -192 0
-118 -148 -173 -193 0
-119 -149 -174 -194 0
-120 -150 -175 -195 0
-151 -181 -206 -226 0
-152 -182 -207 -227 0
-153 -183 -208 -228 0
-154 -184 -209 -229 0
-155 -185 -210 -230 0
-156 -186 -211 -231 0
-157 -187 -212 -232 0
-158 -188 -213 -233 0
-159 -189 -214 -234 0
-160 -190 -215 -235 0
-161 -191 -216 -236 0
-162 -192 -217 -237 0
-163 -193 -218 -238 0
-164 -194 -219 -239 0
-165 -195 -220 -240 0
-166 -196 -221 -241 0
-167 -197 -222 -242 0
-168 -198 -223 -243 0
-169 -199 -224 -244 0
-170 -200 -225 -245 0
-201 -231 -256 -276 0
-202 -232 -257 -277 0
-203 -233 -258 -278 0
-204 -234 -259 -279 0
-205 -235 -260 -280 0
-206 -236 -261 -281 0
-207 -237 -262 -282 0
-208 -238 -263 -283 0
-209 -239 -264 -284 0
-210 -240 -265 -285 0
-211 -241 -266 -286 0
-212 -242 -267 -287 0
-213 -243 -268 -288 0
-214 -244 -269 -289 0
-215 -245 -270 -290 0
-216 -246 -271 -291 0
-217 -247 -272 -292 0
-218 -248 -273 -293 0
-219 -249 -274 -294 0
-220 -250 -275 -295 0
-251 -281 -306 -326 0
-252 -282 -307 -327 0
-253 -283 -308 -328 0
-254 -284 -309 -329 0
-255 -285 -310 -330 0
-256 -286 -311 -331 0
-257 -287 -312 -332 0
-258 -288 -313 -333 0
-259 -289 -314 -334 0
-260 -290 -315 -335 0
-261 -291 -316 -336 0
-262 -292 -317 -337 0
-263 -293 -318 -338 0
-264 -294 -319 -339 0
-265 -295 -320 -340 0
-266 -296 -321 -341 0
-267 -297 -322 -342 0
-268 -298 -323 -343 0
-269 -299 -324 -344 0
-270 -300 -325 -345 0
-301 -331 -356 -376 0
-302 -332 -357 -377 0
-303 -333 -358 -378 0
-304 -334 -359 -379 0
-305 -335 -360 -380 0
-306 -336 -361 -381 0
-307 -337 -362 -382 0
-308 -338 -363 -383 0
-309 -339 -364 -384 0
-310 -340 -365 -385 0
-311 -341 -366 -386 0
-312 -342 -367 -387 0
-313 -343 -368 -388 0
-314 -344 -369 -389 0
-315 -345 -370 -390 0
-316 -346 -371 -391 0
-317 -347 -372 -392 0
-318 -348 -373 -393 0
-319 -349 -374 -394 0
-320 -350 -375 -395 0
-351 -381 -406 -426 0
-352 -382 -407 -427 0
-353 -383 -408 -428 0
-354 -384 -409 -429 0
-355 -385 -410 -430 0
-356 -386 -411 -431 0
-357 -387 -412 -432 0
-358 -388 -413 -433 0
-359 -389 -414 -434 0
-360 -390 -415 -435 0
-361 -391 -416 -436 0
-362 -392 -417 -437 0
-363 -393 -418 -438 0
-364 -394 -419 -439 0
-365 -395 -420 -440 0
-366 -396 -421 -441 0
-367 -397 -422 -442 0
-368 -398 -423 -443 0
-369 -399 -424 -444 0
-370 -400 -425 -445 0
-26 -6 -81 -51 0
-27 -7 -82 -52 0
-28 -8 -83 -53 0
-29 -9 -84 -54 0
-30 -10 -85 -55 0
-31 -11 -86 -56 0
-32 -12 -87 -57 0
-33 -13 -88 -58 0
-34 -14 -89 -59 0
-35 -15 -90 -60 0
-36 -16 -91 -61 0
-37 -17 -92 -62 0
-38 -18 -93 -63 0
-39 -19 -94 -64 0
-40 -20 -95 -65 0
-41 -21 -96 -66 0
-42 -22 -97 -67 0
-43 -23 -98 -68 0
-44 -24 -99 -69 0
-45 -25 -100 -70 0
-76 -56 -131 -101 0
-77 -57 -132 -102 0
-78 -58 -133 -103 0
-79 -59 -134 -104 0
-80 -60 -135 -105 0
-81 -61 -136 -106 0
-82 -62 -137 -107 0
-83 -63 -138 -108 0
-84 -64 -139 -109 0
-85 -65 -140 -110 0
-86 -66 -141 -111 0
-87 -67 -142 -112 0
-88 -68 -143 -113 0
-89 -69 -144 -114 0
-90 -70 -145 -115 0
-91 -71 -146 -116 0
-92 -72 -147 -117 0
-93 -73 -148 -118 0
-94 -74 -149 -119 0
-95 -75 -150 -120 0
-126 -106 -181 -151 0
-127 -107 -182 -152 0
-128 -108 -183 -153 0
-129 -109 -184 -154 0
-130 -110 -185 -155 0
-131 -111 -186 -156 0
-132 -112 -187 -157 0
-133 -113 -188 -158 0
-134 -114 -189 -159 0
-135 -115 -190 -160 0
-136 -116 -191 -161 0
-137 -117 -192 -162 0
-138 -118 -193 -163 0
-139 -119 -194 -164 0
-140 -120 -195 -165 0
-141 -121 -196 -166 0
-142 -122 -197 -167 0
-143 -123 -198 -168 0
-144 -124 -199 -169 0
-145 -125 -200 -170 0
-176 -156 -231 -201 0
-177 -157 -232 -202 0
-178 -158 -233 -203 0
-179 -159 -234 -204 0
-180 -160 -235 -205 0
-181 -161 -236 -206 0
-182 -162 -237 -207 0
-183 -163 -238 -208 0
-184 -164 -239 -209 0
-185 -165 -240 -210 0
-186 -166 -241 -211 0
-187 -167 -242 -212 0
-188 -168 -243 -213 0
-189 -169 -244 -214 0
-190 -170 -245 -215 0
-191 -171 -246 -216 0
-192 -172 -247 -217 0
-193 -173 -248 -218 0
-194 -174 -249 -219 0
-195 -175 -250 -220 0
-226 -206 -281 -251 0
-227 -207 -282 -252 0
-228 -208 -283 -253 0
-229 -209 -284 -254 0
-230 -210 -285 -255 0
-231 -211 -286 -256 0
-232 -212 -287 -257 0
-233 -213 -288 -258 0
-234 -214 -289 -259 0
-235 -215 -290 -260 0
-236 -216 -291 -261 0
-237 -217 -292 -262 0
-238 -218 -293 -263 0
-239 -219 -294 -264 0
-240 -220 -295 -265 0
-241 -221 -296 -266 0
-242 -222 -297 -267 0
-243 -223 -298 -268 0
-244 -224 -299 -269 0
-245 -225 -300 -270 0
-276 -256 -331 -301 0
-277 -257 -332 -302 0
-278 -258 -333 -303 0
-279 -259 -334 -304 0
-280 -260 -335 -305 0
-281 -261 -336 -306 0
-282 -262 -337 -307 0
-283 -263 -338 -308 0
-284 -264 -339 -309 0
-285 -265 -340 -310 0
-286 -266 -341 -311 0
-287 -267 -342 -312 0
-288 -268 -343 -313 0
-289 -269 -344 -314 0
-290 -270 -345 -315 0
-291 -271 -346 -316 0
-292 -272 -347 -317 0
-293 -273 -348 -318 0
-294 -274 -349 -319 0
-295 -275 -350 -320 0
-326 -306 -381 -351 0
-327 -307 -382 -352 0
-328 -308 -383 -353 0
-329 -309 -384 -354 0
-330 -310 -385 -355 0
-331 -311 -386 -356 0
-332 -312 -387 -357 0
-333 -313 -388 -358 0
-334 -314 -389 -359 0
-335 -315 -390 -360 0
-336 -316 -391 -361 0
-337 -317 -392 -362 0
-338 -318 -393 -363 0
-339 -319 -394 -364 0
-340 -320 -395 -365 0
-341 -321 -396 -366 0
-342 -322 -397 -367 0
-343 -323 -398 -368 0
-344 -324 -399 -369 0
-345 -325 -400 -370 0
-376 -356 -431 -401 0
-377 -357 -432 -402 0
-378 -358 -433 -403 0
-379 -359 -434 -404 0
-380 -360 -435 -405 0
-381 -361 -436 -406 0
-382 -362 -437 -407 0
-383 -363 -438 -408 0
-384 -364 -439 -409 0
-385 -365 -440 -410 0
-386 -366 -441 -411 0
-387 -367 -442 -412 0
-388 -368 -443 -413 0
-389 -369 -444 -414 0
-390 -370 -445 -415 0
-391 -371 -446 -416 0
-392 -372 -447 -417 0
-393 -373 -448 -418 0
-394 -374 -449 -419 0
-395 -375 -450 -420 0
-1 -27 -52 -76 0
-2 -28 -53 -77 0
-3 -29 -54 -78 0
-4 -30 -55 -79 0
-6 -32 -57 -81 0
-7 -33 -58 -82 0
-8 -34 -59 -83 0
-9 -35 -60 -84 0
-11 -37 -62 -86 0
-12 -38 -63 -87 0
-13 -39 -64 -88 0
-14 -40 -65 -89 0
-16 -42 -67 -91 0
-17 -43 -68 -92 0
-18 -44 -69 -93 0
-19 -45 -70 -94 0
-21 -47 -72 -96 0
-22 -48 -73 -97 0
-23 -49 -74 -98 0
-24 -50 -75 -99 0
-51 -77 -102 -126 0
-52 -78 -103 -127 0
-53 -79 -104 -128 0
-54 -80 -105 -129 0
-56 -82 -107 -131 0
-57 -83 -108 -132 0
-58 -84 -109 -133 0
-59 -85 -110 -134 0
-61 -87 -112 -136 0
-62 -88 -113 -137 0
-63 -89 -114 -138 0
-64 -90 -115 -139 0
-66 -92 -117 -141 0
-67 -93 -118 -142 0
-68 -94 -119 -143 0
-69 -95 -120 -144 0
-71 -97 -122 -146 0
-72 -98 -123 -147 0
-73 -99 -124 -148 0
-74 -100 -125 -149 0
-101 -127 -152 -176 0
-102 -128 -153 -177 0
-103 -129 -154 -178 0
-104 -130 -155 -179 0
-106 -132 -157 -181 0
-107 -133 -158 -182 0
-108 -134 -159 -183 0
-109 -135 -160 -184 0
-111 -137 -162 -186 0
-112 -138 -163 -187 0
-113 -139 -164 -188 0
-114 -140 -165 -189 0
-116 -142 -167 -191 0
-117 -143 -168 -192 0
-118 -144 -169 -193 0
-119 -145 -170 -194 0
-121 -147 -172 -196 0
-122 -148 -173 -197 0
-123 -149 -174 -198 0
-124 -150 -175 -199 0
-151 -177 -202 -226 0
-152 -178 -203 -227 0
-153 -179 -204 -228 0
-154 -180 -205 -229 0
-156 -182 -207 -231 0
-157 -183 -208 -232 0
-158 -184 -209 -233 0
-159 -185 -210 -234 0
-161 -187 -212 -236 0
-162 -188 -213 -237 0
-163 -189 -214 -238 0
-164 -190 -215 -239 0
-166 -192 -217 -241 0
-167 -193 -218 -242 0
-168 -194 -219 -243 0
-169 -195 -220 -244 0
-171 -197 -222 -246 0
-172 -198 -223 -247 0
-173 -199 -224 -248 0
-174 -200 -225 -249 0
-201 -227 -252 -276 0
-202 -228 -253 -277 0
-203 -229 -254 -278 0
-204 -230 -255 -279 0
-206 -232 -257 -281 0
-207 -233 -258 -282 0
-208 -234 -259 -283 0
-209 -235 -260 -284 0
-211 -237 -262 -286 0
-212 -238 -263 -287 0
-213 -239 -264 -288 0
-214 -240 -265 -289 0
-216 -242 -267 -291 0
-217 -243 -268 -292 0
-218 -244 -269 -293 0
-219 -245 -270 -294 0
-221 -247 -272 -296 0
-222 -248 -273 -297 0
-223 -249 -274 -298 0
-224 -250 -275 -299 0
-251 -277 -302 -326 0
-252 -278 -303 -327 0
-253 -279 -304 -328 0
-254 -280 -305 -329 0
-256 -282 -307 -331 0
-257 -283 -308 -332 0
-258 -284 -309 -333 0
-259 -285 -310 -334 0
-261 -287 -312 -336 0
-262 -288 -313 -337 0
-263 -289 -314 -338 0
-264 -290 -315 -339 0
-266 -292 -317 -341 0
-267 -293 -318 -342 0
-268 -294 -319 -343 0
-269 -295 -320 -344 0
-271 -297 -322 -346 0
-272 -298 -323 -347 0
-273 -299 -324 -348 0
-274 -300 -325 -349 0
-301 -327 -352 -376 0
-302 -328 -353 -377 0
-303 -329 -354 -378 0
-304 -330 -355 -379 0
-306 -332 -357 -381 0
-307 -333 -358 -382 0
-308 -334 -359 -383 0
-309 -335 -360 -384 0
-311 -337 -362 -386 0
-312 -338 -363 -387 0
-313 -339 -364 -388 0
-314 -340 -365 -389 0
-316 -342 -367 -391 0
-317 -343 -368 -392 0
-318 -344 -369 -393 0
-319 -345 -370 -394 0
-321 -347 -372 -396 0
-322 -348 -373 -397 0
-323 -349 -374 -398 0
-324 -350 -375 -399 0
-351 -377 -402 -426 0
-352 -378 -403 -427 0
-353 -379 -404 -428 0
-354 -380 -405 -429 0
-356 -382 -407 -431 0
-357 -383 -408 -432 0
-358 -384 -409 -433 0
-359 -385 -410 -434 0
-361 -387 -412 -436 0
-362 -388 -413 -437 0
-363 -389 -414 -438 0
-364 -390 -415 -439 0
-366 -392 -417 -441 0
-367 -393 -418 -442 0
-368 -394 -419 -443 0
-369 -395 -420 -444 0
-371 -397 -422 -446 0
-372 -398 -423 -447 0
-373 -399 -424 -448 0
-374 -400 -425 -449 0
-26 -2 -77 -51 0
-27 -3 -78 -52 0
-28 -4 -79 -53 0
-29 -5 -80 -54 0
-31 -7 -82 -56 0
-32 -8 -83 -57 0
-33 -9 -84 -58 0
-34 -10 -85 -59 0
-36 -12 -87 -61 0
-37 -13 -88 -62 0
-38 -14 -89 -63 0
-39 -15 -90 -64 0
-41 -17 -92 -66 0
-42 -18 -93 -67 0
-43 -19 -94 -68 0
-44 -20 -95 -69 0
-46 -22 -97 -71 0
-47 -23 -98 -72 0
-48 -24 -99 -73 0
-49 -25 -100 -74 0
-76 -52 -127 -101 0
-77 -53 -128 -102 0
-78 -54 -129 -103 0
-79 -55 -130 -104 0
-81 -57 -132 -106 0
-82 -58 -133 -107 0
-83 -59 -134 -108 0
-84 -60 -135 -109 0
-86 -62 -137 -111 0
-87 -63 -138 -112 0
-88 -64 -139 -113 0
-89 -65 -140 -114 0
-91 -67 -142 -116 0
-92 -68 -143 -117 0
-93 -69 -144 -118 0
-94 -70 -145 -119 0
-96 -72 -147 -121 0
-97 -73 -148 -122 0
-98 -74 -149 -123 0
-99 -75 -150 -124 0
-126 -102 -177 -151 0
-127 -103 -178 -152 0
-128 -104 -179 -153 0
-129 -105 -180 -154 0
-131 -107 -182 -156 0
-132 -108 -183 -157 0
-133 -109 -184 -158 0
-134 -110 -185 -159 0
-136 -112 -187 -161 0
-137 -113 -188 -162 0
-138 -114 -189 -163 0
-139 -115 -190 -164 0
-141 -117 -192 -166 0
-142 -118 -193 -167 0
-143 -119 -194 -168 0
-144 -120 -195 -169 0
-146 -122 -197 -171 0
-147 -123 -198 -172 0
-148 -124 -199 -173 0
-149 -125 -200 -174 0
-176 -152 -227 -201 0
-177 -153 -228 -202 0
-178 -154 -229 -203 0
-179 -155 -230 -204 0
-181 -157 -232 -206 0
-182 -158 -233 -207 0
-183 -159 -234 -208 0
-184 -160 -235 -209 0
-186 -162 -237 -211 0
-187 -163 -238 -212 0
-188 -164 -239 -213 0
-189 -165 -240 -214 0
-191 -167 -242 -216 0
-192 -168 -243 -217 0
-193 -169 -244 -218 0
-194 -170 -245 -219 0
-196 -172 -247 -221 0
-197 -173 -248 -222 0
-198 -174 -249 -223 0
-199 -175 -250 -224 0
-226 -202 -277 -251 0
-227 -203 -278 -252 0
-228 -204 -279 -253 0
-229 -205 -280 -254 0
-231 -207 -282 -256 0
-232 -208 -283 -257 0
-233 -209 -284 -258 0
-234 -210 -285 -259 0
-236 -212 -287 -261 0
-237 -213 -288 -262 0
-238 -214 -289 -263 0
-239 -215 -290 -264 0
-241 -217 -292 -266 0
-242 -218 -293 -267 0
-243 -219 -294 -268 0
-244 -220 -295 -269 0
-246 -222 -297 -271 0
-247 -223 -298 -272 0
-248 -224 -299 -273 0
-249 -225 -300 -274 0
-276 -252 -327 -301 0
-277 -253 -328 -302 0
-278 -254 -329 -303 0
-279 -255 -330 -304 0
-281 -257 -332 -306 0
-282 -258 -333 -307 0
-283 -259 -334 -308 0
-284 -260 -335 -309 0
-286 -262 -337 -311 0
-287 -263 -338 -312 0
-288 -264 -339 -313 0
-289 -265 -340 -314 0
-291 -267 -342 -316 0
-292 -268 -343 -317 0
-293 -269 -344 -318 0
-294 -270 -345 -319 0
-296 -272 -347 -321 0
-297 -273 -348 -322 0
-298 -274 -349 -323 0
-299 -275 -350 -324 0
-326 -302 -377 -351 0
-327 -303 -378 -352 0
-328 -304 -379 -353 0
-329 -305 -380 -354 0
-331 -307 -382 -356 0
-332 -308 -383 -357 0
-333 -309 -384 -358 0
-334 -310 -385 -359 0
-336 -312 -387 -361 0
-337 -313 -388 -362 0
-338 -314 -389 -363 0
-339 -315 -390 -364 0
-341 -317 -392 -366 0
-342 -318 -393 -367 0
-343 -319 -394 -368 0
-344 -320 -395 -369 0
-346 -322 -397 -371 0
-347 -323 -398 -372 0
-348 -324 -399 -373 0
-349 -325 -400 -374 0
-376 -352 -427 -401 0
-377 -353 -428 -402 0
-378 -354 -429 -403 0
-379 -355 -430 -404 0
-381 -357 -432 -406 0
-382 -358 -433 -407 0
-383 -359 -434 -408 0
-384 -360 -435 -409 0
-386 -362 -437 -411 0
-387 -363 -438 -412 0
-388 -364 -439 -413 0
-389 -365 -440 -414 0
-391 -367 -442 -416 0
-392 -368 -443 -417 0
-393 -369 -444 -418 0
-394 -370 -445 -419 0
-396 -372 -447 -421 0
-397 -373 -448 -422 0
-398 -374 -449 -423 0
-399 -375 -450 -424 0
-1 56 52  0
-2 57 53 51  0
-3 58 54 52  0
-4 59 55 53  0
-5 60 54  0
-6 61 57 51  0
-7 62 58 52 56  0
-8 63 59 53 57  0
-9 64 60 54 58  0
-10 65 55 59  0
-11 66 62 56  0
-12 67 63 57 61  0
-13 68 64 58 62  0
-14 69 65 59 63  0
-15 70 60 64  0
-16 71 67 61  0
-17 72 68 62 66  0
-18 73 69 63 67  0
-19 74 70 64 68  0
-20 75 65 69  0
-21 72 66  0
-22 73 67 71  0
-23 74 68 72  0
-24 75 69 73  0
-25 70 74  0
-26 81 77  0
-27 82 78 76  0
-28 83 79 77  0
-29 84 80 78  0
-30 85 79  0
-31 86 82 76  0
-32 87 83 77 81  0
-33 88 84 78 82  0
-34 89 85 79 83  0
-35 90 80 84  0
-36 91 87 81  0
-37 92 88 82 86  0
-38 93 89 83 87  0
-39 94 90 84 88  0
-40 95 85 89  0
-41 96 92 86  0
-42 97 93 87 91  0
-43 98 94 88 92  0
-44 99 95 89 93  0
-45 100 90 94  0
-46 97 91  0
-47 98 92 96  0
-48 99 93 97  0
-49 100 94 98  0
-50 95 99  0
-51 106 102  0
-52 107 103 101  0
-53 108 104 102  0
-54 109 105 103  0
-55 110 104  0
-56 111 107 101  0
-57 112 108 102 106  0
-58 113 109 103 107  0
-59 114 110 104 108  0
-60 115 105 109  0
-61 116 112 106  0
-62 117 113 107 111  0
-63 118 114 108 112  0
-64 119 115 109 113  0
-65 120 110 114  0
-66 121 117 111  0
-67 122 118 112 116  0
-68 123 119 113 117  0
-69 124 120 114 118  0
-70 125 115 119  0
-71 122 116  0
-72 123 117 121  0
-73 124 118 122  0
-74 125 119 123  0
-75 120 124  0
-76 131 127  0
-77 132 128 126  0
-78 133 129 127  0
-79 134 130 128  0
-80 135 129  0
-81 136 132 126  0
-82 137 133 127 131  0
-83 138 134 128 132  0
-84 139 135 129 133  0
-85 140 130 134  0
-86 141 137 131  0
-87 142 138 132 136  0
-88 143 139 133 137  0
-89 144 140 134 138  0
-90 145 135 139  0
-91 146 142 136  0
-92 147 143 137 141  0
-93 148 144 138 142  0
-94 149 145 139 143  0
-95 150 140 144  0
-96 147 141  0
-97 148 142 146  0
-98 149 143 147  0
-99 150 144 148  0
-100 145 149  0
-101 156 152  0
-102 157 153 151  0
-103 158 154 152  0
-104 159 155 153  0
-105 160 154  0
-106 161 157 151  0
-107 162 158 152 156  0
-108 163 159 153 157  0
-109 164 160 154 158  0
-110 165 155 159  0
-111 166 162 156  0
-112 167 163 157 161  0
-113 168 164 158 162  0
-114 169 165 159 163  0
-115 170 160 164  0
-116 171 167 161  0
-117 172 168 162 166  0
-118 173 169 163 167  0
-119 174 170 164 168  0
-120 175 165 169  0
-121 172 166  0
-122 173 167 171  0
-123 174 168 172  0
-124 175 169 173  0
-125 170 174  0
-126 181 177  0
-127 182 178 176  0
-128 183 179 177  0
-129 184 180 178  0
-130 185 179  0
-131 186 182 176  0
-132 187 183 177 181  0
-133 188 184 178 182  0
-134 189 185 179 183  0
-135 190 180 184  0
-136 191 187 181  0
-137 192 188 182 186  0
-138 193 189 183 187  0
-139 194 190 184 188  0
-140 195 185 189  0
-141 196 192 186  0
-142 197 193 187 191  0
-143 198 194 188 192  0
-144 199 195 189 193  0
-145 200 190 194  0
-146 197 191  0
-147 198 192 196  0
-148 199 193 197  0
-149 200 194 198  0
-150 195 199  0
-151 206 202  0
-152 207 203 201  0
-153 208 204 202  0
-154 209 205 203  0
-155 210 204  0
-156 211 207 201  0
-157 212 208 202 206  0
-158 213 209 203 207  0
-159 214 210 204 208  0
-160 215 205 209  0
-161 216 212 206  0
-162 217 213 207 211  0
-163 218 214 208 212  0
-164 219 215 209 213  0
-165 220 210 214  0
-166 221 217 211  0
-167 222 218 212 216  0
-168 223 219 213 217  0
-169 224 220 214 218  0
-170 225 215 219  0
-171 222 216  0
-172 223 217 221  0
-173 224 218 222  0
-174 225 219 223  0
-175 220 224  0
-176 231 227  0
-177 232 228 226  0
-178 233 229 227  0
-179 234 230 228  0
-180 235 229  0
-181 236 232 226  0
-182 237 233 227 231  0
-183 238 234 228 232  0
-184 239 235 229 233  0
-185 240 230 234  0
-186 241 237 231  0
-187 242 238 232 236  0
-188 243 239 233 237  0
-189 244 240 234 238  0
-190 245 235 239  0
-191 246 242 236  0
-192 247 243 237 241  0
-193 248 244 238 242  0
-194 249 245 239 243  0
-195 250 240 244  0
-196 247 241  0
-197 248 242 246  0
-198 249 243 247  0
-199 250 244 248  0
-200 245 249  0
-201 256 252  0
-202 257 253 251  0
-203 258 254 252  0
-204 259 255 253  0
-205 260 254  0
-206 261 257 251  0
-207 262 258 252 256  0
-208 263 259 253 257  0
-209 264 260 254 258  0
-210 265 255 259  0
-211 266 262 256  0
-212 267 263 257 261  0
-213 268 264 258 262  0
-214 269 265 259 263  0
-215 270 260 264  0
-216 271 267 261  0
-217 272 268 262 266  0
-218 273 269 263 267  0
-219 274 270 264 268  0
-220 275 265 269  0
-221 272 266  0
-222 273 267 271  0
-223 274 268 272  0
-224 275 269 273  0
-225 270 274  0
-226 281 277  0
-227 282 278 276  0
-228 283 279 277  0
-229 284 280 278  0
-230 285 279  0
-231 286 282 276  0
-232 287 283 277 281  0
-233 288 284 278 282  0
-234 289 285 279 283  0
-235 290 280 284  0
-236 291 287 281  0
-237 292 288 282 286  0
-238 293 289 283 287  0
-239 294 290 284 288  0
-240 295 285 289  0
-241 296 292 286  0
-242 297 293 287 291  0
-243 298 294 288 292  0
-244 299 295 289 293  0
-245 300 290 294  0
-246 297 291  0
-247 298 292 296  0
-248 299 293 297  0
-249 300 294 298  0
-250 295 299  0
-251 306 302  0
-252 307 303 301  0
-253 308 304 302  0
-254 309 305 303  0
-255 310 304  0
-256 311 307 301  0
-257 312 308 302 306  0
-258 313 309 303 307  0
-259 314 310 304 308  0
-260 315 305 309  0
-261 316 312 306  0
-262 317 313 307 311  0
-263 318 314 308 312  0
-264 319 315 309 313  0
-265 320 310 314  0
-266 321 317 311  0
-267 322 318 312 316  0
-268 323 319 313 317  0
-269 324 320 314 318  0
-270 325 315 319  0
-271 322 316  0
-272 323 317 321  0
-273 324 318 322  0
-274 325 319 323  0
-275 320 324  0
-276 331 327  0
-277 332 328 326  0
-278 333 329 327  0
-279 334 330 328  0
-280 335 329  0
-281 336 332 326  0
-282 337 333 327 331  0
-283 338 334 328 332  0
-284 339 335 329 333  0
-285 340 330 334  0
-286 341 337 331  0
-287 342 338 332 336  0
-288 343 339 333 337  0
-289 344 340 334 338  0
-290 345 335 339  0
-291 346 342 336  0
-292 347 343 337 341  0
-293 348 344 338 342  0
-294 349 345 339 343  0
-295 350 340 344  0
-296 347 341  0
-297 348 342 346  0
-298 349 343 347  0
-299 350 344 348  0
-300 345 349  0
-301 356 352  0
-302 357 353 351  0
-303 358 354 352  0
-304 359 355 353  0
-305 360 354  0
-306 361 357 351  0
-307 362 358 352 356  0
-308 363 359 353 357  0
-309 364 360 354 358  0
-310 365 355 359  0
-311 366 362 356  0
-312 367 363 357 361  0
-313 368 364 358 362  0
-314 369 365 359 363  0
-315 370 360 364  0
-316 371 367 361  0
-317 372 368 362 366  0
-318 373 369 363 367  0
-319 374 370 364 368  0
-320 375 365 369  0
-321 372 366  0
-322 373 367 371  0
-323 374 368 372  0
-324 375 369 373  0
-325 370 374  0
-326 381 377  0
-327 382 378 376  0
-328 383 379 377  0
-329 384 380 378  0
-330 385 379  0
-331 386 382 376  0
-332 387 383 377 381  0
-333 388 384 378 382  0
-334 389 385 379 383  0
-335 390 380 384  0
-336 391 387 381  0
-337 392 388 382 386  0
-338 393 389 383 387  0
-339 394 390 384 388  0
-340 395 385 389  0
-341 396 392 386  0
-342 397 393 387 391  0
-343 398 394 388 392  0
-344 399 395 389 393  0
-345 400 390 394  0
-346 397 391  0
-347 398 392 396  0
-348 399 393 397  0
-349 400 394 398  0
-350 395 399  0
-351 406 402  0
-352 407 403 401  0
-353 408 404 402  0
-354 409 405 403  0
-355 410 404  0
-356 411 407 401  0
-357 412 408 402 406  0
-358 413 409 403 407  0
-359 414 410 404 408  0
-360 415 405 409  0
-361 416 412 406  0
-362 417 413 407 411  0
-363 418 414 408 412  0
-364 419 415 409 413  0
-365 420 410 414  0
-366 421 417 411  0
-367 422 418 412 416  0
-368 423 419 413 417  0
-369 424 420 414 418  0
-370 425 415 419  0
-371 422 416  0
-372 423 417 421  0
-373 424 418 422  0
-374 425 419 423  0
-375 420 424  0
-376 431 427  0
-377 432 428 426  0
-378 433 429 427  0
-379 434 430 428  0
-380 435 429  0
-381 436 432 426  0
-382 437 433 427 431  0
-383 438 434 428 432  0
-384 439 435 429 433  0
-385 440 430 434  0
-386 441 437 431  0
-387 442 438 432 436  0
-388 443 439 433 437  0
-389 444 440 434 438  0
-390 445 435 439  0
-391 446 442 436  0
-392 447 443 437 441  0
-393 448 444 438 442  0
-394 449 445 439 443  0
-395 450 440 444  0
-396 447 441  0
-397 448 442 446  0
-398 449 443 447  0
-399 450 444 448  0
-400 445 449  0

